tiani:
    generic:
        rootDocUniqueID: 1.2.40.0.13.1.1
        oidDomainPid: 1.2.40.0.13.1.1.10.212.160.12
        oidHisPid: 2.16.840.1.113883.3.6040..3.1.2.2.1
        facOid: 2.16.840.1.113883.3.6040..3.1.2.2.1
